0 0 22.0 8.4853 8.4853 0.0
-8.326672684688674e-17 0.9699353431494815 21.099603307305518 9.267623073606703 7.872595193329545 -14.085098213478336
-0.07868204548677263 1.9366740387692027 20.330905206873577 24.704129887285774 7.290965024187763 -14.085098213478336
-0.2339488845000426 2.8842101163615745 19.161584151844668 25.3432883752678 7.644502115590114 16.224743062743197
-0.3002918316259446 3.8420885131338163 18.163194917426647 8.702598421731299 8.262279472625123 16.224743062743197
-0.27689871544033423 4.811741715059963 17.216306544312335 23.031258718244715 7.668620297083936 -14.085098213478336
-0.3316848356738836 5.770350545952974 16.240277989286795 23.82977927005766 8.322712057427077 16.224743062743197
-0.2969525431736691 6.7298952700247545 15.398949622253342 38.23100333673418 9.350639297864486 16.224743062743197
-0.17300376815733864 7.682034498713638 14.680577559818488 35.67264121382777 10.923188917388076 16.224743062743197
0.0390839941128063 8.618491219940815 14.078558947416095 33.59460465268589 13.35027181590144 16.224743062743197
0.33746705007054745 9.531124750748022 13.591321062756629 31.89207308170787 13.406079695455956 16.224743062743197
0.7195515352012642 10.412001504816777 13.222793887673722 30.49221857260391 12.067567317451632 16.224743062743197
1.1820159626853162 11.25346395968221 12.983645508347564 29.343804608224314 10.942620183771545 16.224743062743197
1.7208400973123796 12.048197224104749 12.893688759862457 28.410861234707653 9.998150181054958 16.224743062743197
2.331339903663807 12.789292626924912 12.986309650048387 27.668789115869135 9.210750322793622 16.224743062743197
3.008208264756046 13.470307774618865 13.316722465868027 27.102009006911867 8.564522051221152 16.224743062743197
3.745561117175136 14.085322555470302 13.978126025359023 22.390339894453252 8.049806049110396 16.224743062743197
4.536988601646377 14.628990603510495 15.135838610879164 16.941244490858665 7.662598221826414 16.224743062743197
5.3756107843837295 15.096585774846929 26.91287243731097 14.092925645369814 7.404576219324939 16.224743062743197
6.25413746482941 15.484043232358594 25.0332530252597 12.271266682092383 7.283789500435625 16.224743062743197
7.164931549870872 15.787994781605835 23.44625136101681 10.956385485364683 7.316222560439585 16.224743062743197
8.100164263123094 16.005818837633498 22.102922919676388 9.927387012885859 7.5280648065056 16.20603148252034
9.06118759779959 16.13700084896801 21.441072944258455 11.398825922992335 6.957426488096469 -14.085098213478336
9.99886850437273 16.3436089976081 20.15489753072917 10.322641633328047 7.170056340720771 16.224743062743197
10.976978771783854 16.465126501632525 19.06614116379068 9.82574528718365 7.350068944865899 9.725003059632838
11.944720511668324 16.5303223203319 18.25614369405574 10.980449776455837 6.803666100383622 -14.085098213478336
12.894329269595879 16.672363217624188 17.13177141351698 10.003363134762395 7.150739422490574 16.224743062743197
13.86951056674708 16.726254913229326 16.132668749452435 9.359783928132158 22.446056192922462 12.400800719120378
14.839314884098 16.71031264431877 15.192544439177183 10.16938144095766 22.97579830060342 -14.085098213478336
15.807216237235004 16.773094333417276 14.345370141533547 11.350423569392259 23.784418082199913 -14.085098213478336
16.766834738072948 16.914186157206025 13.582194734505155 13.053899887934987 24.984056055485134 -14.085098213478336
17.711845094659374 17.13265811383867 12.896625462438683 13.832113486713427 26.76508214195926 -14.085098213478336
18.636018304116273 17.427070153016135 12.284643295023628 12.316084293422927 29.47608831052771 -14.085098213478336
19.533262710895787 17.79548166802806 11.744610606590092 11.00686451316426 33.827855190052425 -14.085098213478336
20.39766415971575 18.235464287194375 11.277499424053566 9.869869389247901 32.64953693665138 -14.085098213478336
21.22352497850841 18.744117880392746 10.887413425007663 8.879055825365025 31.621205726835818 -14.085098213478336
22.005401534427595 19.318089675165325 10.58255127787259 8.014759324796126 30.759284276439324 -14.085098213478336
22.73814011536515 19.953596356401736 10.3768970523253 7.262242583195142 30.047987083047538 -14.085098213478336
23.416910900464963 20.646449003928964 10.293202257047712 6.610728856440422 29.476794810878054 -14.085098213478336
24.03723979571903 21.39208070363289 10.368431809480763 6.052785090277491 29.039837499518086 -14.085098213478336
24.595037924802448 22.18557665011374 10.6642868036454 5.5839787507221 26.256473338795654 -14.085098213478336
25.086628580759356 23.021706542454854 11.28919334628878 5.202774801952586 21.548415894001952 -14.085098213478336
25.508771460888934 23.89495905956912 12.449399478462148 4.910676220880062 18.5679245902217 -14.085098213478336
25.858684025087857 24.79957818788017 14.586643268599005 4.712652320659693 16.46646291274494 -14.085098213478336
26.134059836866562 25.7296011618855 18.84050833644433 4.617955877624849 14.871200019596637 -14.085098213478336
26.3330837661451 26.678897767517814 23.505825782439086 4.641522402897101 13.592267471932875 -14.085098213478336
26.45444395361989 27.641210749237686 22.380687741632457 4.806311558244552 12.522462235030035 -14.085098213478336
26.497340457838664 28.610197054515687 21.404428525353662 5.147274970236636 11.596362919659079 -14.085098213478336
26.461490527986705 29.5794696438424 20.563966082399048 5.718310265142176 10.77147758152097 -14.085098213478336
26.34713046762902 30.542639590677066 19.850649269638943 6.605076294803355 10.018701889949417 -14.085098213478336
26.1550140771236 31.493358193834524 19.259907532032976 7.950251018118274 9.317118479400074 -14.085098213478336
25.886407684972585 32.42535882472815 18.791230379490504 10.007913452718903 8.650981121726126 -14.085098213478336
25.543081800862037 33.33249823363409 17.596469737035463 13.275390176169589 8.007866133014288 -14.085098213478336
25.131484221732777 34.199977249225384 16.818224293647408 11.536816555351196 7.866214885677905 16.224743062743197
24.802468549598547 35.10201998497928 15.401787161930628 10.300298435481238 7.879125847907241 16.224743062743197
24.549490243329 36.06664575562156 14.50298893673161 11.282246923742015 7.480323513821428 -4.252724521654707
24.283033255218385 36.98910609792541 13.244082024969966 10.162577020706957 7.599560982670008 16.224743062743197
24.103648015685355 37.932373475435085 12.121894924128572 9.254892234064027 7.918837280362248 16.224743062743197
