22.0 8.4853 8.4853 0.0
21.12853593110566 9.38922940132 7.800497123415051 -16.027183132516672
20.07620174002048 9.079620704597023 7.967832307264379 7.262646990680115
19.06342868536064 8.973721434689368 8.035106468136405 3.1520296111756108
18.059940192642618 24.934684397228217 8.04767130797326 1.2693733106611576
17.136547640353896 40.02125469647384 8.843288233623602 16.31832541013918
16.355354811225506 37.07545913921923 10.07379094733032 16.31832541013918
15.707060403311013 34.70518211906695 11.955576254152355 16.31832541013918
15.188088004287236 32.775112031461155 14.895429855941805 16.31832541013918
14.800829972274496 31.192719333586915 14.176342325523978 16.31832541013918
14.554650978447764 29.893460066819443 12.885874187770785 16.31832541013918
14.467977764632307 28.831965361693133 11.809310875846567 16.31832541013918
14.572166235520832 27.976658954458415 10.916148228415254 16.31832541013918
14.918581834307645 27.306459955422618 10.18532187853209 16.31832541013918
15.592009764453929 19.3541956628693 9.603320334019152 16.31832541013918
30.54946472234418 13.902479628303425 9.16317695162422 16.31832541013918
28.0535290244136 11.506839367017966 8.864177600574072 16.31832541013918
25.973668211694932 10.064581265376514 8.71227053324441 16.31832541013918
24.61487103489591 10.067389255621753 8.467593267051221 6.836332908544116
23.26749783933609 9.865119435169568 8.303245718760671 8.13400590479583
22.015407433977078 9.69916171450171 8.179562398453683 7.393923704677397
20.836828760705213 9.56466819358148 8.089220625001964 6.603502034175153
19.71360381179469 9.458499006578998 8.024547001989108 5.780239278017147
18.630702860635157 9.377547121149098 7.978273450055609 4.958103163999617
17.576202538847806 9.318695176943319 7.944022250423132 4.169685150592168
16.54106920268989 9.278878057634081 26.030371932065684 3.4417534500939375
15.794262936963994 10.682296548116147 27.767487144687408 -16.027183132516672
15.17058948659385 12.820912666842803 30.359289206375696 -16.027183132516672
14.667646345125805 14.853834769737405 34.37072273071367 -16.027183132516672
14.288530197251994 13.404266136644072 34.95581976856847 -16.027183132516672
14.042889763195763 12.187899367245759 33.629833671456886 -16.027183132516672
13.949016894077598 11.167408004745932 32.56149318318326 -16.027183132516672
14.03766397344108 10.31620552522275 31.720403909438176 -16.027183132516672
14.359011150993762 9.615906818042953 31.08698801826016 -16.027183132516672
14.995878816285725 9.054796784045633 21.034625178910574 -16.027183132516672
16.090470055017324 8.627033584190643 15.38177279439026 -16.027183132516672
17.903727334238784 8.332468945169486 12.723719882733098 -16.027183132516672
20.96507660061587 8.177092162632077 11.092806085903188 -16.027183132516672
26.527121400755217 8.174239782694519 9.932439149682926 -16.027183132516672
26.476546749489064 8.346910062538585 9.023759574021291 -16.027183132516672
25.201412297639816 8.731869952740361 8.262579471547813 -16.027183132516672
24.219756959500994 8.559901724578294 8.480784509677687 1.397321717934382
23.14478083391504 8.893652257588377 8.05790543338562 -10.348569436746565
22.163197225984177 8.705560413050716 8.265507706028533 2.9875469054884767
21.143982346233813 8.851133745901617 8.105732640109657 -4.612583426988242
20.14795023258471 8.762078190920253 8.199148797647078 1.0993222726815817
19.14253422437128 8.995432304995122 7.974970951178814 -5.577186291066314
18.144357695268035 8.893674627138036 8.06842966840833 1.9747363639474709
17.144446761953088 9.016842074443604 7.958157305749338 -2.699807673493103
16.144522954048135 8.966813534675168 8.001730211994694 1.0641508341428003
15.148150657037064 9.1356938763813 7.858393917730537 -3.2192559104814658
14.146982350428468 9.077516603624467 7.902738224000462 1.5090927341388785
13.14931342006235 9.188030300651896 7.810756860029399 -1.8213177184143676
12.148333238231295 9.15579021214928 7.832184580129014 1.0663957864579818
