22.0 8.4853 8.4853 0.0
21.131334691293585 7.794097612735947 9.400423279706363 16.203354040650723
20.085408855517507 7.8930555334617285 9.186497931843618 -5.654627457639754
19.075460281930965 7.881477496922192 9.176159772445287 -1.6868234487411016
18.06636477810101 7.900862216603391 9.12929329595366 -2.0893776937392303
17.06171735697383 40.88580069105519 9.101868045180064 -1.471823500901464
16.21666872151978 37.705637059204754 10.194183965263345 16.203354040650723
15.501739769656682 35.15770165573849 11.849970110643593 16.203354040650723
14.91053405867544 33.086990925938856 14.38486152529656 16.203354040650723
14.442027540874891 31.38844661908104 14.326721373881144 16.203354040650723
14.101105580507415 29.989097952263123 12.945075263362538 16.203354040650723
13.89991672625771 28.83755931180233 11.787589172179853 16.203354040650723
13.860479462088339 27.897647988502914 10.819575377953605 16.203354040650723
14.019444565740118 27.14444651281736 10.016558201234897 16.203354040650723
14.436916057450407 26.561911150732087 9.361975127694523 16.203354040650723
15.213593592572156 18.80638450577381 8.845834777016218 16.203354040650723
28.691801485751604 14.44851625661053 8.464097951908037 16.203354040650723
26.449407620356304 12.17698585319971 8.218700003826374 16.203354040650723
24.566357702673546 10.707806624781758 8.118266236358405 16.203354040650723
22.97357505694889 9.628250739709866 8.179733831595401 16.203354040650723
21.621442805711695 8.764319526121103 8.431349791457318 16.203354040650723
20.474233708094157 8.029312316093439 8.917992866040573 16.203354040650723
19.45817158617829 7.8784794539043945 9.068122572741851 4.514651619066437
18.459356247899432 7.934247255940186 9.013466482086551 -0.42101264310704867
17.457292526605784 7.930187173830573 25.235206557542654 0.8864719259295492
16.52124331594991 8.490172938482669 25.394441729225946 -10.031672746603206
15.635479920219165 9.257721845799042 25.67394063346647 -10.031672746603206
14.794915782538197 10.289343501356468 26.105189990890945 -10.031672746603206
13.995124518691862 11.666915853274704 26.73399406504418 -10.031672746603206
13.232243797400802 13.513191862325497 27.6292089644921 -10.031672746603206
12.502898297609338 12.737657680463794 28.898819979631615 -10.031672746603206
11.804138510404847 11.460486350539417 30.721724176901724 -10.031672746603206
11.133393155789237 10.298743462561614 33.4165811890643 -10.031672746603206
10.850182304918835 9.174230519909438 32.943462271567995 -18.439563497023375
10.852326412761057 8.250503845593995 31.897542477660085 -20.73791935095174
11.111879916933214 7.524260769399816 31.225286861012087 -20.56818972437488
11.691543921403394 6.96610110761515 30.88031966908683 -19.906156125041182
12.654798493378465 6.547021985284516 21.902529453672916 -18.519671678158776
13.000623985436805 6.143669506727819 19.594306911916537 -10.031672746603206
13.614020115331645 5.799812177572609 17.894844428176537 -10.031672746603206
14.623578211546802 5.5169562475207865 16.55933071967783 -10.031672746603206
16.261571251216132 5.2978915622075595 15.457696377387895 -10.031672746603206
18.993289372622023 5.146922884680717 14.514286397823863 -10.031672746603206
23.904540192302786 5.070208409487795 13.681960793802316 -10.031672746603206
23.46351035184043 5.0762493500111265 12.929689782004175 -10.031672746603206
22.36449661751551 5.176599614985325 12.236093823539814 -10.031672746603206
21.343275412543072 5.3869062216410555 11.585848416785039 -10.031672746603206
20.392550573315376 5.728462451256424 10.967571324375655 -10.031672746603206
19.506222591395854 6.230582679960083 10.37252267555426 -10.031672746603206
18.679230340718526 6.934343150526428 9.793772640939226 -10.031672746603206
17.90743391323914 7.898690536157374 9.225648963960154 -10.031672746603206
16.98058229509636 8.576646449775538 8.862512397675015 -2.969043953809291
15.754048205435383 8.07685410718144 8.996831254040314 12.653860438026674
14.720047060585369 8.220690588027646 8.869750721507767 2.3794218144603048
13.654912484520267 8.100878937480315 8.904641169054747 6.115795549150139
12.627782579488184 8.105934814302179 8.879653758148576 3.3302490642626497
